time,x,y,z,phi,theta,psi,x_velocity,y_velocity,z_velocity,phi_velocity,theta_velocity,psi_velocity,rotor_speed1,rotor_speed2,rotor_speed3,rotor_speed4
0.06,-1.0339856968796937e-06,-8.656918201320684e-08,10.006319203464809,6.282890676030625,0.0006690367687580689,0.0,-8.140340731164376e-05,-1.7409514018214293e-05,0.21062416773064946,-0.017196370074340613,0.027259687694797224,0.0,468.43742881081744,470.5519731022106,472.5520949162495,471.22496661654986
0.12000000000000001,-3.2081354457990926e-05,-1.2122696944383878e-05,10.027192486239748,6.282735260970561,0.0029177294257731745,0.0,-0.001208557297012713,-0.0004472540538439659,0.48507530013587835,0.016922165402579976,0.05257219679455492,0.0,487.90849637473355,489.7948204399436,488.2926931544535,490.83095188995185
0.18,-0.00017919379165817523,-4.417576453814795e-05,10.05992024357611,0.000884850607951293,0.006157737739214575,0.0,-0.004031085579619406,-0.000495907297730481,0.6057918096427793,0.031200600600801483,0.05671212345425854,0.0,442.94577494504097,443.2879903879232,443.68006983498503,444.85065140665506
0.23999999999999996,-0.0005342510993411036,-5.331816830517961e-05,10.095270270952216,0.002884507887575438,0.009695444916256513,0.0,-0.008090087005319747,0.0003507117807147397,0.5725576730868588,0.03727347350736944,0.06311734375315954,0.0,393.97570461668926,394.5703041553094,390.93763387816597,391.5036033652164
0.3,-0.0012491825475439893,4.0355136053766325e-05,10.133997662040327,0.00506151531890886,0.013860865321259297,0.0,-0.0161751462230039,0.003011565926599384,0.7182688952015018,0.03422652618671493,0.07973058658379414,0.0,450.9482186979973,452.2915152509505,451.59818105956276,451.35295083217835
0.36000000000000004,-0.0025611426778226645,0.00034693164352404306,10.18258747399472,0.006898162213427206,0.018660091039902404,0.0,-0.028102640238227658,0.007430606106017344,0.9012549453673582,0.02216920157992528,0.08049492970544993,0.0,463.4130409879024,463.477966893405,463.1585095841037,462.20964419665296
0.4200000000000001,-0.004608702002053564,0.000924820001512476,10.23747482270424,0.00834203524707089,0.02368197286203788,0.0,-0.04059880803689503,0.011958835102393758,0.9282912354849039,0.027608263200872195,0.08943437155300721,0.0,413.8084849677691,414.600809369939,413.5411699697887,414.02005274544683
0.48000000000000015,-0.0075143593140434475,0.0018069030334147043,10.294515690029424,0.01022613394460059,0.029658595206772276,0.0,-0.05679267368997908,0.017610422241302163,0.973017984639184,0.038074279112020194,0.11465044327356519,0.0,419.63391224425754,421.82570465225376,418.7409232650892,419.6506821007375
0.5400000000000001,-0.01160826388089118,0.0031000958541864943,10.35742098788614,0.012808373957557073,0.03637429452697116,0.0,-0.08041174757802605,0.025762345918124735,1.1236612654389917,0.05146633527454986,0.10584294839696468,0.0,452.98028842177376,452.2823953515319,454.3913567933094,455.46450627983836
0.6000000000000002,-0.017071670208798434,0.0048734913198455855,10.424168434237039,0.016291439104747063,0.04318085413903994,0.0,-0.10225741330781327,0.03362848171784248,1.1012491224272911,0.06873161393231088,0.12543226513187153,0.0,397.2180913419887,399.0231231370246,396.3771410081498,397.9631783816676
0.6600000000000003,-0.024366877671777677,0.00733450728467351,10.49858214523283,0.02011181330794365,0.05060363920443223,0.0,-0.14186267413095802,0.048912485770628324,1.3788592862433042,0.050915976839270016,0.12003563663439176,0.0,491.6930670009222,491.30541401291424,492.2319108308985,490.91434715569267
0.7200000000000003,-0.034098096138350596,0.010754423567037949,10.587106243051354,0.02268433774686862,0.05770378729778525,0.0,-0.18332694732115404,0.06541496448576735,1.5716435924680554,0.01748827854974624,0.11470252333701189,0.0,468.3781267426457,467.9750118804827,468.4398279396093,465.8342385650876
0.7800000000000004,-0.04644368451896294,0.015200556243792095,10.686531372366423,0.02345736591173253,0.06442666140827846,0.0,-0.2289445440547597,0.08288733959714646,1.7422286687422028,0.0015610141080486606,0.1061316508338078,0.0,461.9730249844963,461.3073708653914,462.26432629372965,461.0075358607229
0.8400000000000004,-0.061204502484559754,0.02053969659512967,10.78898252587972,0.023891531107433472,0.07068311403130778,0.0,-0.2635766762637668,0.09510710911794405,1.6728765425339172,0.016681291857960183,0.10027698777859341,0.0,382.94700293198014,382.4011134915166,382.82979218862863,384.26565557582285
0.9000000000000005,-0.07871080379916677,0.026811765492418413,10.895194955067051,0.02459627435559142,0.07619372663074575,0.0,-0.32062772643188225,0.11405474306322279,1.867179025773392,-0.0006198078924350009,0.06406689240654917,0.0,470.97938925851827,468.17678184872125,469.63226774381434,468.2883925661095
0.9600000000000005,-0.09950858693847997,0.03415228070786363,11.009790273854128,0.024645196222240706,0.0799907725897544,0.0,-0.3730044214630252,0.13062494616929696,1.9524836843687716,0.0035416266567871836,0.061671450353803135,0.0,437.42090241109594,437.2243672063776,435.3511998845034,435.6992200372009
1.0200000000000005,-0.12392572692492182,0.04261057903096361,11.134441810368564,0.024598334596618088,0.08367381079964265,0.0,-0.4413248463639365,0.15131805869416026,2.20206808379384,-0.011250455621206327,0.060802984627912185,0.0,487.11100438505565,487.04839353921943,486.5321537162177,485.4234979340627
1.0800000000000005,-0.15245115359835174,0.05228113574547272,11.273066663597948,0.02430740269237308,0.0870624503483759,0.0,-0.5099107495003059,0.17096656539644942,2.418276409208877,0.005591176104057848,0.046005163353366296,0.0,478.72584835161854,477.6004853508372,476.94856226289176,478.2331231142441
1.1400000000000006,-0.1848756372894585,0.06304548272917186,11.42129695880492,0.024198694057075976,0.08942116383263166,0.0,-0.5711581260095485,0.1878569482517409,2.522468502751606,-0.02383384728487984,0.02051478905997025,0.0,447.5050381481685,445.4260620711889,444.60613674851066,442.1888503093256
1.2000000000000006,-0.22118061964487967,0.07485718867097513,11.577568275377379,0.02310804561884794,0.09068865161985418,0.0,-0.6391193116556546,0.20571774179155206,2.686176578808164,-0.008759169477159446,0.022317615423387317,0.0,464.5798221025857,464.7211274332482,462.36667067402374,463.55280464113287
1.2600000000000007,-0.2614885865265521,0.08769241772129967,11.742496405175082,0.022743302601348603,0.09266441055279984,0.0,-0.7046396488672522,0.22206808323842464,2.811092802284323,-0.001195376836793357,0.0484560527000845,0.0,452.32447751464167,454.42493631845946,451.92458350201633,452.53393601936955
1.3200000000000007,-0.3056582568476545,0.10147446019714366,11.913639602187791,0.023551843298055708,0.0959527228309911,0.0,-0.7679800426869738,0.23737300048811727,2.8934225495851447,0.03304676719970259,0.06517093721623074,0.0,438.7681662295898,440.15565588941394,439.48344478436076,442.31249512455287
1.3800000000000008,-0.3538044840633195,0.11622299635175262,12.0907971075989,0.02540241335042559,0.09973104804646926,0.0,-0.8372738965737916,0.2544363718336352,3.011450628655599,0.02602492431112182,0.0581678732732787,0.0,452.0613483574094,451.4994849174476,452.43345002554145,451.86804576276467
1.4400000000000008,-0.4061710399728898,0.1320289998969428,12.274850030449944,0.02637823245143789,0.1032700569050764,0.0,-0.9086199806692437,0.27257401185407576,3.1232749165639113,-0.024703828841544692,0.06056607781737664,0.0,450.9676530259537,451.16370493247587,452.6484778661133,448.5474980783904
1.5000000000000009,-0.46277681115552266,0.14890083874812568,12.464465492992126,0.02478963845278681,0.10644764468302448,0.0,-0.978568525810646,0.2896616301163959,3.1969739484714585,-0.03028068221085522,0.029936349462708227,0.0,440.8235904665342,438.2868897530437,439.89077166670126,439.4285417271887
1.560000000000001,-0.5234953604261638,0.16673229127762995,12.657163831493312,0.023203413741700096,0.1081130490710196,0.0,-1.0455453554673646,0.30456046881872656,3.2261817478938712,-0.0196862667436148,0.022996947120528126,0.0,427.06078337228,426.46867317640204,424.24842863911005,425.15694258163734
1.620000000000001,-0.5883636654819159,0.18545052592674968,12.852516034268522,0.02185193232894367,0.10956265429224121,0.0,-1.1168627361311252,0.3192533151399034,3.2853473649280254,-0.02890979929742352,0.026390139981907403,0.0,435.9908658121141,436.27436992083574,435.7856488012128,435.0138998389552
1.680000000000001,-0.6580929524635343,0.20512880487474783,13.056392546011994,0.01987787098185212,0.11148690197831623,0.0,-1.2076001807502124,0.33645027318063153,3.509806938583984,-0.04239771921052949,0.04152213464022298,0.0,485.3097540414978,486.44451284335565,487.72569872824334,486.71691555380386
1.740000000000001,-0.7331496893454857,0.22575901464919945,13.272210288093248,0.018448068364119052,0.11373169535176064,0.0,-1.2945127451827663,0.3510011689879303,3.683497902079954,-0.0009884429174674397,0.02757699095249806,0.0,473.92458743499685,472.85203173728036,471.34308100631625,474.53234187242026
1.8000000000000012,-0.8131010593237484,0.24717761445394598,13.49518715079472,0.018051284524418953,0.11612812271246753,0.0,-1.3707284564725883,0.36292696155323484,3.7487861253597647,-0.021300934997505613,0.05730030712218184,0.0,440.4578845076432,442.9101448857817,441.3869777084384,439.7074039435318
1.8600000000000012,-0.8977189524302727,0.2693060824444571,13.722388026094396,0.01770938444691783,0.1196269585873555,0.0,-1.4501952743566866,0.37461193323487463,3.824236246214769,0.014704054692437341,0.06026699290991791,0.0,445.34635889012355,445.591319417484,442.9788811139998,445.930018305634
1.9200000000000013,-0.9873914394575065,0.29216744329948213,13.955850618405067,0.019411120267031734,0.12397424188674755,0.0,-1.5392803666980426,0.3875698232351459,3.9572751437627094,0.046989573800879855,0.08963331918688452,0.0,462.3932132465956,464.7046256141429,462.25737489348745,464.79490427256485
1.9800000000000013,-1.0825183513602736,0.3158503150606109,14.197318999293856,0.022431206569933693,0.12938065945887534,0.0,-1.6321463191322698,0.40215974794802817,4.0910391996012105,0.05630054172982929,0.09103715583241767,0.0,465.26622212523813,465.3825179612382,464.2708781429651,465.00236299358625
2.0400000000000014,-1.1833197441145973,0.3404722730799095,14.446647238144333,0.02549006724734415,0.13465013334318865,0.0,-1.7284222393941933,0.41890230436559633,4.21926227150984,0.03735536267818276,0.08047444334430513,0.0,464.5370057725052,463.71392505033805,465.83071489760533,464.3482414126944
2.1000000000000014,-1.2899359329254676,0.3661448009908544,14.703079699914337,0.027584689050154765,0.13964698999573333,0.0,-1.8259183294771288,0.43705744157503224,4.327911156366705,0.02950835490415672,0.08837092792749159,0.0,459.64998597055535,460.28078011732555,460.2315395177654,459.61045012873205
2.1600000000000015,-1.4027408332530624,0.39299324173133143,14.967617526966391,0.029654560674353014,0.14491634868534042,0.0,-1.9347575227330316,0.4580814549377017,4.489191018059566,0.04296583707127427,0.08670367587246469,0.0,476.78583104649744,476.6642497127964,476.7836082521057,477.8111612446259
2.2200000000000015,-1.52200201443636,0.4211110951765009,15.24045370964063,0.0322628664502167,0.15099481758413535,0.0,-2.0411595464674805,0.47942966364224676,4.604671509311039,0.04446460502272515,0.12080663431946644,0.0,463.46202099336006,466.1428611312912,465.02390037975096,465.14226358895917
2.2800000000000016,-1.6473153102191298,0.45046398320735126,15.517113146037897,0.035424259270779856,0.15777250091543848,0.0,-2.136588036947591,0.49925316082553856,4.617035783520156,0.06546141328450167,0.08869923163530705,0.0,435.1848054503787,432.49970919477505,433.1033101416983,434.86773897998296
2.3400000000000016,-1.778486301205072,0.481068279651158,15.794551904721354,0.03932501237535124,0.16322988077292422,0.0,-2.236271320990176,0.5212296535707633,4.63065864614886,0.06409982168188434,0.09512352505220568,0.0,434.26919385986827,434.8149350283095,435.31774587880346,435.20698768842533
2.4000000000000017,-1.9157467593742885,0.5130603993557435,16.072783797502094,0.04282974560468933,0.1699378655410433,0.0,-2.339651315977606,0.5454927500475659,4.6434447367324285,0.0435098737698349,0.1331071868308791,0.0,433.74673223838255,436.93603718718504,435.9807219397283,434.2591149565996
2.4600000000000017,-2.058849252525164,0.5464421094235867,16.34889479058053,0.045256271991141794,0.1776419324195757,0.0,-2.431099488954073,0.5674230727034384,4.560357157507426,0.03346806704632506,0.11677853455356049,0.0,404.771942684014,403.31626137241466,403.26038320657426,402.3531420307905
2.520000000000002,-2.2094764386657673,0.5816563814322974,16.630575192649825,0.04731707148138575,0.18428892218013893,0.0,-2.5904835917023177,0.6065728620936627,4.827485053660092,0.03604802442967438,0.09476802551782162,0.0,514.0901878319673,512.5369214273909,510.9758964642796,511.1601236620081
2.580000000000002,-2.3682808698429536,0.6188740003400036,16.9199306226802,0.049265717032822565,0.19056978833312677,0.0,-2.7035485264011077,0.6341785203430669,4.8174711646993895,0.024160072854720306,0.11942661488494699,0.0,430.57481378207575,432.66584532764085,431.75445642391077,430.75056798506915
2.640000000000002,-2.534380042352354,0.6578758166564002,17.21063854097979,0.05038773090277626,0.19897996542558793,0.0,-2.8338166186482723,0.6659744009562754,4.872192191396881,0.0045896945177659725,0.16460972097473897,0.0,450.63455041231396,454.289200826706,454.1261606997908,452.55335252959134
2.700000000000002,-2.7081965739821494,0.6987315869680017,17.50321820965027,0.05128382198149861,0.2095630243851465,0.0,-2.9609752790170623,0.6959137970010483,4.880009054438982,0.03017127554128296,0.19312819925990193,0.0,438.64579970640995,441.03761484000717,437.53396509392394,439.65889173120723
2.760000000000002,-2.889665866217667,0.741357653408526,17.795382044356675,0.05269630029129946,0.22075509509665814,0.0,-3.0889822922109933,0.725071906831642,4.8584122040931685,0.005005409899316292,0.16819069718429883,0.0,430.8871003775498,428.8078670849554,432.39705182490036,430.2714583387986
2.820000000000002,-3.080355910601021,0.7860632096843493,18.09213262090926,0.053672561675286445,0.23056829451422534,0.0,-3.268292794481207,0.7651148865613683,5.03190329569472,0.03250149291468234,0.15214840640926514,0.0,493.1294386712842,491.96528847389607,490.85861939453406,492.89509481002693
2.880000000000002,-3.281457492264616,0.8330630189549446,18.39678208422744,0.05563314174743628,0.2392206803069712,0.0,-3.4358971505422846,0.8016855664143087,5.122108480255535,0.03302367823448835,0.1194234939631286,0.0,471.0835178241027,468.56329612643043,470.16124067106955,470.20204424992585
2.940000000000002,-3.4924852611647044,0.8822218619489084,18.705515569390215,0.05731265668243246,0.24633908984286368,0.0,-3.598996006323747,0.8370728236078887,5.1682965895403665,0.015317556203863478,0.11702717291171756,0.0,458.8988735724366,458.72075051403465,458.4223092965858,457.01310563336017
3.000000000000002,-3.712819479455055,0.9333849854620346,19.014478789632665,0.057905565894966315,0.2536325184298205,0.0,-3.7461356075524144,0.8684069018514664,5.130204946822409,-0.004147103705576904,0.1293446349774929,0.0,431.54720621864345,432.59959643460496,433.51396100881453,431.8748762759197
3.0600000000000023,-3.9424198967000397,0.9864973238110326,19.322250361784725,0.05844555638402493,0.2610061630432208,0.0,-3.9078971520201566,0.9019871288317455,5.128339206682601,0.027138038324547684,0.10511770797368492,0.0,446.1166881871536,444.14701089163987,443.62463585223895,446.1865984566456
3.1200000000000023,-4.181340242764123,1.0415190146088777,19.62788750496904,0.0602779884531337,0.2671202667963124,0.0,-4.056724933880923,0.9321898056162808,5.059437850938227,0.036598553268073555,0.0945437849206708,0.0,423.9963934584156,423.0962889299123,423.3940690986393,424.2077601749847
3.1800000000000024,-4.430397152361925,1.0986197626482017,19.933307649221163,0.06244049459498058,0.27314341963432387,0.0,-4.245687476306414,0.9713201703518635,5.1203708232888,0.03490453969645659,0.11005650862403024,0.0,465.9710521459947,467.1904535497799,466.4780192003408,466.34620420269135
3.2400000000000024,-4.690622041709597,1.158035762129093,20.241214972183272,0.06403749285939497,0.2793975400695725,0.0,-4.429062065431692,1.0093388274643365,5.142503988818891,-0.0002626712352540063,0.08886081772675031,0.0,457.13605641855173,455.4525686691765,457.28643218505437,454.4759793607548
3.3000000000000025,-4.9612189763690795,1.2195794312065156,20.547739441049785,0.06406947199123358,0.2847208945298183,0.0,-4.591406489714916,1.0420970446791362,5.074819537600299,0.0020787491932996627,0.0884448395620592,0.0,427.647411632685,427.618859290852,427.9438564468426,428.14314828766106
3.3600000000000025,-5.242862900365624,1.2833447957284814,20.85421274285575,0.06376775511238364,0.29025001033390474,0.0,-4.7972006959984155,1.0833412312880748,5.140011513626377,-0.025652421343297722,0.09868700411251122,0.0,470.7843030404762,471.58285537515565,472.95858126490464,470.81754376797187
3.4200000000000026,-5.53665383762069,1.3494943509733786,21.163403291154303,0.062148379503552675,0.2957727469816396,0.0,-4.996369692868053,1.12143821498057,5.165585473692872,-0.029807403651704936,0.07347963221790772,0.0,462.015984370501,460.03039570541034,461.293246067472,460.9648132117574
3.4800000000000026,-5.843139207409505,1.4180166390080329,21.47607443550185,0.060474042291936314,0.30131174009625106,0.0,-5.220235169792693,1.162378668019552,5.2556447355461495,-0.024350724959499415,0.11535707238044958,0.0,480.85266051767263,484.0211045672349,482.8094851753815,483.2209503723482
3.5400000000000027,-6.162615749103467,1.4888405631178272,21.792178990845244,0.05906750094919211,0.3084652896208624,0.0,-5.429620109524735,1.1982202892600484,5.280284982920486,-0.021685032115018196,0.12601066425339996,0.0,464.53247584097545,465.3793591649047,464.7041218226366,464.9130509168088
3.6000000000000028,-6.495147116230867,1.561841992905003,22.110698346931837,0.05805213363946482,0.31633453679219414,0.0,-5.655420564112424,1.2349682195979608,5.33585896138652,-0.008785444612406313,0.13983792627440264,0.0,476.51654662863007,477.5869909944644,475.51011542536423,476.49758238433486
3.660000000000003,-6.841745312198554,1.6370816904188314,22.433463628557433,0.057987878357878664,0.32544799216193177,0.0,-5.898567189306915,1.2728958170177243,5.421490389224997,0.011072783449281465,0.16892332681748154,0.0,487.37109154570925,489.55946254009353,487.3159917491951,488.79850308383936
3.720000000000003,-7.203280677873828,1.7146128000958945,22.761629558739575,0.058950101606318306,0.3359151883602882,0.0,-6.153420537586709,1.3114466158792557,5.515643089503577,0.024469636992824624,0.18368339444700496,0.0,492.8700628544728,493.9857523411375,494.1086157157883,495.0953934552593
3.780000000000003,-7.577674393937366,1.7940183517935113,23.087703304876918,0.060176395780208836,0.3467846939476633,0.0,-6.327371566812752,1.335476995616433,5.353412416908418,0.01082469873745935,0.17556789357497857,0.0,414.9657016207397,414.2867418307356,412.95066388632125,411.74489463935214
3.840000000000003,-7.963306183325064,1.8749759893384483,23.405671779675046,0.060276139848150834,0.3571424336980238,0.0,-6.52796933278705,1.3631071483750046,5.2450646335956455,-0.03181195231324176,0.16599708405197763,0.0,433.75096639572064,432.9756176704296,434.01183491066405,430.41736411343777
3.900000000000003,-8.36082153785193,1.9575223669694302,23.716131740369484,0.05786349600138241,0.36717226186610663,0.0,-6.72350966298982,1.3882683907840467,5.103347846005293,-0.06778484982951852,0.16939769800038962,0.0,421.9451483103971,422.26703416745164,423.728291553212,420.62215213671817
3.960000000000003,-8.771873454730757,2.0417702842467484,24.022180730211897,0.05335537679061275,0.3778327881607746,0.0,-6.97909446389197,1.4195355997783519,5.0970269339692775,-0.09687836213017753,0.19049944513960093,0.0,467.518298209026,469.1882367422895,470.20893233449215,467.94455283143907
4.020000000000002,-9.196220745097781,2.1274997649806298,24.322032564629442,0.0476254466624777,0.38967173709169156,0.0,-7.166928545238842,1.437751350062702,4.898006968912353,-0.09287535398697415,0.20829098641833232,0.0,403.9779280251933,405.6213591767446,404.591853153172,404.943474128123
4.080000000000001,-9.634095559380768,2.214478617161701,24.61483187623767,0.04251191709701452,0.4017898254262917,0.0,-7.42990550748846,1.4610240800172756,4.860667106756369,-0.07317034198789032,0.1847185135094033,0.0,462.0531049427743,460.22832755192377,461.87270479964525,463.41876971199275
4.14,-10.087419939564688,2.3027051313759186,24.90389665205155,0.038448063158355694,0.41365882853477487,0.0,-7.681907471510318,1.4794834639821175,4.773826599268732,-0.058621028329961106,0.21588455635340392,0.0,447.5735444634182,450.1403943027596,446.85381476290127,448.0351396673246
4.199999999999998,-10.55699724738661,2.392047259354683,25.189629236286027,0.0353601323883348,0.4265791223011064,0.0,-7.971657324794167,1.4982332509880514,4.748940553175087,-0.040037086445689034,0.21422463265144362,0.0,471.4299929319252,471.34456882416,470.5900465355525,472.0251392975794
4.259999999999997,-11.043053691225628,2.48236598567116,25.47111725872187,0.03363912994139184,0.44000989838436766,0.0,-8.231299673637555,1.5121978490591363,4.632890461983554,-0.012361915036516544,0.23824936638754177,0.0,443.51589041345164,445.53420988041114,442.95615711909926,445.22656276968956
4.319999999999996,-11.545579845443273,2.5735385202896226,25.746819087439288,0.03268793464936781,0.45542629268857393,0.0,-8.520656389207822,1.5267566736550597,4.555518638628664,-0.023955687411136413,0.2798437534813388,0.0,458.5933904492949,461.94779093763293,461.0290918294419,460.11194586116164
4.379999999999995,-12.065625689233265,2.665549915265908,26.017394948326913,0.03126846290509544,0.47200837949742525,0.0,-8.815343935756726,1.5401149617053147,4.461899752855461,-0.023068835024694416,0.268330352701932,0.0,459.25453025307644,458.4146362942858,458.91709900832507,458.9874707975948
4.439999999999993,-12.60663252950795,2.7585125799669,26.287928005780202,0.030246343435448964,0.4881480050188669,0.0,-9.219041737982824,1.5584034598091996,4.552429057619321,-0.007095180579010556,0.27028571606341406,0.0,522.183780019438,522.3813927332959,521.8642015912103,522.9783952615047
4.499999999999992,-13.167517188789335,2.8522774643582056,26.55477209301447,0.030017231532242228,0.504371812126907,0.0,-9.478304610886324,1.5670331529767068,4.341305844697514,0.002039716251616757,0.27061749220412845,0.0,428.06842164109537,428.17354399479973,428.754932446534,429.5306926675807
4.559999999999991,-13.745560342901214,2.9466237493228586,26.811175717441387,0.029694651122345483,0.5209891608183295,0.0,-9.790841254116529,1.5777760221920532,4.203599864242779,-0.02746171216310018,0.28728973699497623,0.0,457.45198563891825,458.85270459993603,459.2950271208485,456.94850065039134
4.6199999999999894,-14.342423580498494,3.04158511676788,27.058679957471764,0.02830907491356882,0.5377839797675366,0.0,-10.10565108296516,1.587439346276171,4.04463791650409,-0.015540576246508873,0.25811449342120124,0.0,457.03520401608336,454.77916974857465,454.0408076017586,454.9965068722897
4.679999999999988,-14.957850394613327,3.1370718063019267,27.295377523413805,0.027083679948405326,0.553347322707614,0.0,-10.4096411445118,1.5953348517988302,3.8436970057758955,-0.03261775303220393,0.26181835362436895,0.0,445.0286711717876,445.399373787222,444.4099933678458,443.00746298018055
4.739999999999987,-15.5897012328186,3.2329177114050918,27.51642667875704,0.02456275261100238,0.5688756085507416,0.0,-10.653384311058945,1.5994161901323667,3.5239343501538594,-0.07785122410438057,0.2519866080384562,0.0,402.6726439837651,401.85685940434735,403.8836496918222,399.77949150979754
4.799999999999986,-16.236886741408505,3.328994393683717,27.71883070233257,0.020792488578185164,0.5845091808532583,0.0,-10.920747052657017,1.6029269847365437,3.221883434616106,-0.04296468738624326,0.27373244571815275,0.0,410.6814603459421,412.6799470408715,409.5088708174838,412.59803434261687
4.859999999999984,-16.901506135518748,3.4252799080702414,27.90460090684768,0.018735848237771968,0.6007674662694056,0.0,-11.234326785592328,1.6064329002005875,2.9687468424578274,-0.020946113676830632,0.2647980274654587,0.0,435.18348265460696,434.51056212052464,432.1903119818888,434.04227340771274
4.919999999999983,-17.584609074392297,3.521734081330938,28.074032976459698,0.017495010797094146,0.6168277332198056,0.0,-11.536922324417795,1.6086160692273677,2.6774520031483555,-0.020154911357110318,0.27286291575466487,0.0,423.06801740916717,423.8381517506541,423.3409932252173,423.40908945218507
4.979999999999982,-18.287228266671256,3.618328561328968,28.22724747558463,0.01610792856572285,0.6330708942294043,0.0,-11.884679355098463,1.6110916723609778,2.4275233492324895,-0.029822373481632417,0.26605671983010126,0.0,445.1654315515874,444.68182718512867,444.12164943866975,443.3276413915249
5.0399999999999805,-19.01027929500973,3.715034586757801,28.36417242762085,0.014082626507552654,0.648772563602714,0.0,-12.218071329503962,1.6123228250073536,2.134688178732035,-0.04308406528123621,0.25113741541943274,0.0,433.36847528984987,432.1828335647455,433.95140824111735,432.8357641154773
